{
  "nbformat": 4,
  "nbformat_minor": 0,
  "metadata": {
    "colab": {
      "name": "Softmax_cross_entropy.ipynb",
      "version": "0.3.2",
      "provenance": [],
      "collapsed_sections": [],
      "include_colab_link": true
    },
    "kernelspec": {
      "name": "python3",
      "display_name": "Python 3"
    }
  },
  "cells": [
    {
      "cell_type": "markdown",
      "metadata": {
        "id": "view-in-github",
        "colab_type": "text"
      },
      "source": [
        "[View in Colaboratory](https://colab.research.google.com/github/averma12/Beginning_Data_Science/blob/master/Softmax_cross_entropy.ipynb)"
      ]
    },
    {
      "metadata": {
        "id": "4KrOjWFe-P1X",
        "colab_type": "code",
        "colab": {}
      },
      "cell_type": "code",
      "source": [
        "import numpy as np\n",
        "N = 100 # number of points per class\n",
        "D = 2 # dimensionality\n",
        "K = 3 # number of classes\n",
        "X = np.zeros((N*K,D)) # data matrix (each row = single example)\n",
        "y = np.zeros(N*K, dtype='uint8') # class labels\n",
        "for j in range(K):\n",
        "  ix = range(N*j,N*(j+1))\n",
        "  r = np.linspace(0.0,1,N) # radius\n",
        "  t = np.linspace(j*4,(j+1)*4,N) + np.random.randn(N)*0.2 # theta\n",
        "  X[ix] = np.c_[r*np.sin(t), r*np.cos(t)]\n",
        "  y[ix] = j"
      ],
      "execution_count": 0,
      "outputs": []
    },
    {
      "metadata": {
        "id": "gYuTUQXD-zWb",
        "colab_type": "code",
        "colab": {}
      },
      "cell_type": "code",
      "source": [
        "W = 0.01 * np.random.randn(D,K)\n",
        "b = np.zeros((1,K))"
      ],
      "execution_count": 0,
      "outputs": []
    },
    {
      "metadata": {
        "id": "0mruB4Qm-3Vx",
        "colab_type": "code",
        "colab": {}
      },
      "cell_type": "code",
      "source": [
        "scores = np.dot(X, W) + b"
      ],
      "execution_count": 0,
      "outputs": []
    },
    {
      "metadata": {
        "id": "kQiO7wPK-5NM",
        "colab_type": "code",
        "colab": {
          "base_uri": "https://localhost:8080/",
          "height": 34
        },
        "outputId": "a7d74db3-4633-4d9a-ac4f-4e73f43c8440"
      },
      "cell_type": "code",
      "source": [
        "scores.shape"
      ],
      "execution_count": 5,
      "outputs": [
        {
          "output_type": "execute_result",
          "data": {
            "text/plain": [
              "(300, 3)"
            ]
          },
          "metadata": {
            "tags": []
          },
          "execution_count": 5
        }
      ]
    },
    {
      "metadata": {
        "id": "arSfqEJl_Br6",
        "colab_type": "code",
        "colab": {}
      },
      "cell_type": "code",
      "source": [
        "num_examples = X.shape[0]\n",
        "# get unnormalized probabilities\n",
        "exp_scores = np.exp(scores)\n",
        "# normalize them for each example\n",
        "probs = exp_scores / np.sum(exp_scores, axis=1, keepdims=True)"
      ],
      "execution_count": 0,
      "outputs": []
    },
    {
      "metadata": {
        "id": "0FsRUreO-bjZ",
        "colab_type": "code",
        "colab": {
          "base_uri": "https://localhost:8080/",
          "height": 5117
        },
        "outputId": "796e31aa-0bbb-48e0-f568-ca52bbeeaac5"
      },
      "cell_type": "code",
      "source": [
        "probs"
      ],
      "execution_count": 23,
      "outputs": [
        {
          "output_type": "execute_result",
          "data": {
            "text/plain": [
              "array([[0.33333333, 0.33333333, 0.33333333],\n",
              "       [0.33332965, 0.33331624, 0.33335412],\n",
              "       [0.33333637, 0.333297  , 0.33336664],\n",
              "       [0.33332865, 0.33328039, 0.33339096],\n",
              "       [0.33337982, 0.33326361, 0.33335657],\n",
              "       [0.33339025, 0.33324584, 0.33336391],\n",
              "       [0.33333765, 0.33322495, 0.3334374 ],\n",
              "       [0.33339821, 0.33320748, 0.33339431],\n",
              "       [0.33346632, 0.33321204, 0.33332163],\n",
              "       [0.33334297, 0.33317033, 0.33348671],\n",
              "       [0.33346375, 0.33316375, 0.3333725 ],\n",
              "       [0.33351935, 0.33316868, 0.33331197],\n",
              "       [0.33351532, 0.33314115, 0.33334353],\n",
              "       [0.33348167, 0.33310598, 0.33341235],\n",
              "       [0.33357637, 0.33312824, 0.33329539],\n",
              "       [0.3334954 , 0.3330686 , 0.333436  ],\n",
              "       [0.33366003, 0.33314758, 0.3331924 ],\n",
              "       [0.33355369, 0.33304456, 0.33340175],\n",
              "       [0.33365919, 0.33308015, 0.33326066],\n",
              "       [0.33366035, 0.33305293, 0.33328672],\n",
              "       [0.33375389, 0.3331192 , 0.33312691],\n",
              "       [0.3336552 , 0.33299882, 0.33334598],\n",
              "       [0.33364247, 0.33296929, 0.33338823],\n",
              "       [0.33381927, 0.33309084, 0.33308989],\n",
              "       [0.33368591, 0.33294327, 0.33337082],\n",
              "       [0.33381748, 0.33301141, 0.33317111],\n",
              "       [0.33385364, 0.3330177 , 0.33312866],\n",
              "       [0.33387051, 0.33300174, 0.33312775],\n",
              "       [0.33386039, 0.33295746, 0.33318215],\n",
              "       [0.33390142, 0.33296691, 0.33313168],\n",
              "       [0.33396927, 0.33302046, 0.33301027],\n",
              "       [0.33403933, 0.3331479 , 0.33281277],\n",
              "       [0.33406604, 0.33324322, 0.33269073],\n",
              "       [0.33408176, 0.33311833, 0.33279991],\n",
              "       [0.33409553, 0.33307534, 0.33282913],\n",
              "       [0.33412598, 0.3330996 , 0.33277443],\n",
              "       [0.33413283, 0.33335952, 0.33250765],\n",
              "       [0.33417028, 0.33308155, 0.33274817],\n",
              "       [0.33420324, 0.33314261, 0.33265415],\n",
              "       [0.33414298, 0.33349367, 0.33236335],\n",
              "       [0.33424392, 0.33326749, 0.33248858],\n",
              "       [0.33424531, 0.33335856, 0.33239612],\n",
              "       [0.33424711, 0.3334172 , 0.33233568],\n",
              "       [0.33423155, 0.33349975, 0.33226869],\n",
              "       [0.33431305, 0.33335712, 0.33232983],\n",
              "       [0.33428657, 0.33348142, 0.33223201],\n",
              "       [0.33432273, 0.33345239, 0.33222487],\n",
              "       [0.33438859, 0.33332749, 0.33228392],\n",
              "       [0.33427281, 0.33362294, 0.33210425],\n",
              "       [0.33427318, 0.3336559 , 0.33207091],\n",
              "       [0.33425451, 0.3337113 , 0.33203419],\n",
              "       [0.33450331, 0.33312075, 0.33237595],\n",
              "       [0.33414668, 0.33387762, 0.3319757 ],\n",
              "       [0.33417317, 0.3338782 , 0.33194863],\n",
              "       [0.33420564, 0.33387296, 0.3319214 ],\n",
              "       [0.33426607, 0.33383924, 0.33189469],\n",
              "       [0.33403026, 0.33405908, 0.33191066],\n",
              "       [0.33391334, 0.33415166, 0.331935  ],\n",
              "       [0.33406933, 0.33407526, 0.33185541],\n",
              "       [0.33402531, 0.33412565, 0.33184904],\n",
              "       [0.33405506, 0.33412743, 0.33181751],\n",
              "       [0.33421876, 0.33403021, 0.33175103],\n",
              "       [0.33416664, 0.33409311, 0.33174026],\n",
              "       [0.33425616, 0.33404618, 0.33169766],\n",
              "       [0.33324912, 0.33449518, 0.3322557 ],\n",
              "       [0.33358314, 0.33444151, 0.33197535],\n",
              "       [0.33381846, 0.33437315, 0.33180839],\n",
              "       [0.33326583, 0.33454697, 0.33218719],\n",
              "       [0.33361733, 0.33448561, 0.33189705],\n",
              "       [0.33374454, 0.33445963, 0.33179584],\n",
              "       [0.33434299, 0.33413791, 0.3315191 ],\n",
              "       [0.33348195, 0.33457777, 0.33194028],\n",
              "       [0.33365327, 0.3345472 , 0.33179953],\n",
              "       [0.33322446, 0.33466023, 0.33211531],\n",
              "       [0.33251871, 0.3346371 , 0.33284419],\n",
              "       [0.33398354, 0.33446893, 0.33154753],\n",
              "       [0.33336333, 0.334693  , 0.33194367],\n",
              "       [0.33347536, 0.33468751, 0.33183712],\n",
              "       [0.33327444, 0.33474358, 0.33198199],\n",
              "       [0.33319482, 0.33477175, 0.33203344],\n",
              "       [0.33304217, 0.33480167, 0.33215616],\n",
              "       [0.33310496, 0.33481613, 0.33207891],\n",
              "       [0.3332534 , 0.33481849, 0.33192811],\n",
              "       [0.3325842 , 0.33483098, 0.33258482],\n",
              "       [0.33260223, 0.33485338, 0.3325444 ],\n",
              "       [0.33241878, 0.33483653, 0.33274469],\n",
              "       [0.33280178, 0.33491143, 0.33228679],\n",
              "       [0.33182989, 0.33461221, 0.3335579 ],\n",
              "       [0.33176238, 0.33458798, 0.33364964],\n",
              "       [0.33274145, 0.33496408, 0.33229447],\n",
              "       [0.3322515 , 0.33489305, 0.33285545],\n",
              "       [0.33254912, 0.3349814 , 0.33246948],\n",
              "       [0.3320815 , 0.33487473, 0.33304377],\n",
              "       [0.33188343, 0.33480204, 0.33331453],\n",
              "       [0.33173322, 0.33473263, 0.33353415],\n",
              "       [0.33183217, 0.33482211, 0.33334572],\n",
              "       [0.33158172, 0.33467005, 0.33374823],\n",
              "       [0.33131443, 0.33439727, 0.33428831],\n",
              "       [0.33163262, 0.33476849, 0.33359889],\n",
              "       [0.33189942, 0.33495362, 0.33314697],\n",
              "       [0.33333333, 0.33333333, 0.33333333],\n",
              "       [0.3333126 , 0.33334448, 0.33334292],\n",
              "       [0.3332917 , 0.33335538, 0.33335292],\n",
              "       [0.33326538, 0.33335309, 0.33338153],\n",
              "       [0.33325764, 0.33338661, 0.33335576],\n",
              "       [0.33323644, 0.3333976 , 0.33336596],\n",
              "       [0.33320316, 0.33339003, 0.3334068 ],\n",
              "       [0.33317903, 0.33339378, 0.33342719],\n",
              "       [0.33315001, 0.33336785, 0.33348215],\n",
              "       [0.33312771, 0.33338111, 0.33349118],\n",
              "       [0.33312986, 0.33345026, 0.33341988],\n",
              "       [0.33310297, 0.33345239, 0.33344464],\n",
              "       [0.33305925, 0.33339762, 0.33354313],\n",
              "       [0.33303657, 0.33336208, 0.33360135],\n",
              "       [0.3330211 , 0.33344385, 0.33353505],\n",
              "       [0.33299252, 0.33335501, 0.33365247],\n",
              "       [0.33297619, 0.333328  , 0.33369581],\n",
              "       [0.33295386, 0.3334664 , 0.33357974],\n",
              "       [0.33293451, 0.3333175 , 0.33374798],\n",
              "       [0.33292564, 0.33328178, 0.33379258],\n",
              "       [0.33290082, 0.33328689, 0.33381229],\n",
              "       [0.33287772, 0.33328815, 0.33383413],\n",
              "       [0.33292375, 0.33317156, 0.33390469],\n",
              "       [0.33281142, 0.33336287, 0.33382571],\n",
              "       [0.33287159, 0.33317648, 0.33395193],\n",
              "       [0.33283156, 0.33320064, 0.3339678 ],\n",
              "       [0.33276284, 0.33329412, 0.33394305],\n",
              "       [0.33274907, 0.3332715 , 0.33397943],\n",
              "       [0.33275914, 0.33320496, 0.3340359 ],\n",
              "       [0.33281063, 0.33309916, 0.33409021],\n",
              "       [0.33279983, 0.33308278, 0.33411739],\n",
              "       [0.33273982, 0.33312665, 0.33413353],\n",
              "       [0.33266391, 0.33321068, 0.3341254 ],\n",
              "       [0.33270055, 0.33311461, 0.33418483],\n",
              "       [0.33286244, 0.33292566, 0.3342119 ],\n",
              "       [0.33283812, 0.33292173, 0.33424015],\n",
              "       [0.33274781, 0.33297576, 0.33427643],\n",
              "       [0.33268444, 0.33301406, 0.33430151],\n",
              "       [0.33275039, 0.33292379, 0.33432582],\n",
              "       [0.33283436, 0.33283571, 0.33432993],\n",
              "       [0.33277974, 0.3328533 , 0.33436695],\n",
              "       [0.33289047, 0.33275807, 0.33435146],\n",
              "       [0.33283632, 0.33277052, 0.33439315],\n",
              "       [0.33300954, 0.33265834, 0.33433212],\n",
              "       [0.33297655, 0.3326541 , 0.33436935],\n",
              "       [0.33290562, 0.33266959, 0.33442479],\n",
              "       [0.33291745, 0.33264389, 0.33443867],\n",
              "       [0.33315689, 0.33253058, 0.33431253],\n",
              "       [0.33293115, 0.33259838, 0.33447047],\n",
              "       [0.3330125 , 0.33254393, 0.33444357],\n",
              "       [0.33315646, 0.33247617, 0.33436738],\n",
              "       [0.33319309, 0.33244799, 0.33435892],\n",
              "       [0.33279568, 0.33258977, 0.33461455],\n",
              "       [0.33329747, 0.33238854, 0.33431399],\n",
              "       [0.33353982, 0.33234335, 0.33411684],\n",
              "       [0.33350943, 0.33232659, 0.33416398],\n",
              "       [0.3336103 , 0.33230579, 0.33408391],\n",
              "       [0.33381726, 0.3323022 , 0.33388055],\n",
              "       [0.33346961, 0.33227524, 0.33425516],\n",
              "       [0.3336137 , 0.33225076, 0.33413554],\n",
              "       [0.33365074, 0.33223269, 0.33411656],\n",
              "       [0.33387996, 0.33223432, 0.33388572],\n",
              "       [0.33381779, 0.33220639, 0.33397581],\n",
              "       [0.33376101, 0.33218209, 0.33405691],\n",
              "       [0.33356208, 0.33216078, 0.33427714],\n",
              "       [0.33371493, 0.33214215, 0.33414292],\n",
              "       [0.33347428, 0.33213065, 0.33439506],\n",
              "       [0.33436627, 0.33226954, 0.33336419],\n",
              "       [0.33409784, 0.33214184, 0.33376033],\n",
              "       [0.33445164, 0.33226906, 0.33327929],\n",
              "       [0.33420822, 0.33213356, 0.33365821],\n",
              "       [0.33464382, 0.33235568, 0.3330005 ],\n",
              "       [0.33484349, 0.33255371, 0.3326028 ],\n",
              "       [0.33488885, 0.33258371, 0.33252744],\n",
              "       [0.33457743, 0.33222053, 0.33320204],\n",
              "       [0.33461689, 0.33222104, 0.33316206],\n",
              "       [0.33490674, 0.33247885, 0.33261441],\n",
              "       [0.3349678 , 0.33253141, 0.33250079],\n",
              "       [0.33470309, 0.33220196, 0.33309494],\n",
              "       [0.33510476, 0.33272996, 0.33216527],\n",
              "       [0.33490808, 0.33232953, 0.33276239],\n",
              "       [0.33517782, 0.33283707, 0.33198512],\n",
              "       [0.33521507, 0.33297966, 0.33180528],\n",
              "       [0.33504115, 0.33238478, 0.33257407],\n",
              "       [0.33503548, 0.33233794, 0.33262658],\n",
              "       [0.33509862, 0.33238537, 0.33251601],\n",
              "       [0.33512014, 0.33237528, 0.33250458],\n",
              "       [0.33524905, 0.33256734, 0.33218361],\n",
              "       [0.33520631, 0.33242483, 0.33236885],\n",
              "       [0.33506587, 0.33219497, 0.33273916],\n",
              "       [0.33538122, 0.33277101, 0.33184777],\n",
              "       [0.33533382, 0.33346082, 0.33120536],\n",
              "       [0.33544515, 0.33299777, 0.33155709],\n",
              "       [0.33537905, 0.33346012, 0.33116083],\n",
              "       [0.33540526, 0.33344965, 0.33114509],\n",
              "       [0.33511859, 0.33400549, 0.33087592],\n",
              "       [0.3355338 , 0.33305476, 0.33141144],\n",
              "       [0.3353552 , 0.3337154 , 0.3309294 ],\n",
              "       [0.33556148, 0.33319617, 0.33124236],\n",
              "       [0.33529434, 0.33389404, 0.33081162],\n",
              "       [0.33333333, 0.33333333, 0.33333333],\n",
              "       [0.33335261, 0.33333981, 0.33330758],\n",
              "       [0.33337911, 0.33332356, 0.33329733],\n",
              "       [0.33339735, 0.33334225, 0.3332604 ],\n",
              "       [0.33342415, 0.33332804, 0.33324781],\n",
              "       [0.33343804, 0.33335224, 0.33320972],\n",
              "       [0.33345337, 0.33336572, 0.33318091],\n",
              "       [0.33343429, 0.33341401, 0.33315171],\n",
              "       [0.3334908 , 0.33338044, 0.33312876],\n",
              "       [0.33348548, 0.33341682, 0.3330977 ],\n",
              "       [0.33352023, 0.3334058 , 0.33307397],\n",
              "       [0.33349426, 0.33345824, 0.33304751],\n",
              "       [0.33350307, 0.33347424, 0.33302269],\n",
              "       [0.33357095, 0.33343413, 0.33299492],\n",
              "       [0.3335283 , 0.33350008, 0.33297162],\n",
              "       [0.33351579, 0.33353079, 0.33295342],\n",
              "       [0.33361696, 0.33346762, 0.33291542],\n",
              "       [0.3334717 , 0.33359529, 0.33293301],\n",
              "       [0.33343133, 0.33363071, 0.33293797],\n",
              "       [0.33360908, 0.3335508 , 0.33284012],\n",
              "       [0.33352994, 0.33362449, 0.33284557],\n",
              "       [0.33351683, 0.33365088, 0.33283229],\n",
              "       [0.33352408, 0.33366672, 0.33280919],\n",
              "       [0.33352986, 0.33368328, 0.33278686],\n",
              "       [0.33354762, 0.33369396, 0.33275843],\n",
              "       [0.33341795, 0.33376297, 0.33281908],\n",
              "       [0.33340894, 0.3337836 , 0.33280746],\n",
              "       [0.33326222, 0.33382695, 0.33291083],\n",
              "       [0.3334187 , 0.33381716, 0.33276414],\n",
              "       [0.33333347, 0.33385402, 0.33281251],\n",
              "       [0.33330729, 0.33387603, 0.33281668],\n",
              "       [0.33335893, 0.33388526, 0.3327558 ],\n",
              "       [0.33339642, 0.3338951 , 0.33270848],\n",
              "       [0.33338269, 0.33391625, 0.33270106],\n",
              "       [0.33309017, 0.33395449, 0.33295533],\n",
              "       [0.33331717, 0.33396441, 0.33271842],\n",
              "       [0.33332649, 0.3339809 , 0.33269261],\n",
              "       [0.33356706, 0.33393232, 0.33250062],\n",
              "       [0.3331551 , 0.33403143, 0.33281346],\n",
              "       [0.33285909, 0.33400704, 0.33313388],\n",
              "       [0.33285134, 0.33402573, 0.33312292],\n",
              "       [0.33294994, 0.33407035, 0.33297971],\n",
              "       [0.33317385, 0.33410415, 0.332722  ],\n",
              "       [0.33262614, 0.3339902 , 0.33338366],\n",
              "       [0.3329608 , 0.33413063, 0.33290857],\n",
              "       [0.33278007, 0.33410876, 0.33311117],\n",
              "       [0.33293824, 0.33416607, 0.33289569],\n",
              "       [0.33263129, 0.33409183, 0.33327687],\n",
              "       [0.33254489, 0.33406721, 0.3333879 ],\n",
              "       [0.3326621 , 0.33415209, 0.33318581],\n",
              "       [0.33275911, 0.33420745, 0.33303344],\n",
              "       [0.3324364 , 0.3340714 , 0.3334922 ],\n",
              "       [0.33240592, 0.33407568, 0.3335184 ],\n",
              "       [0.33250225, 0.3341675 , 0.33333026],\n",
              "       [0.33260074, 0.33423862, 0.33316064],\n",
              "       [0.332523  , 0.33422658, 0.33325041],\n",
              "       [0.33230702, 0.33410952, 0.33358346],\n",
              "       [0.33225862, 0.33409555, 0.33364583],\n",
              "       [0.33245072, 0.33426099, 0.33328829],\n",
              "       [0.3320682 , 0.33391811, 0.33401368],\n",
              "       [0.33197017, 0.33369838, 0.33433145],\n",
              "       [0.33193716, 0.33360922, 0.33445362],\n",
              "       [0.33193002, 0.3337387 , 0.33433127],\n",
              "       [0.33189447, 0.3336592 , 0.33444633],\n",
              "       [0.33190134, 0.33381858, 0.33428008],\n",
              "       [0.33185151, 0.33369339, 0.3344551 ],\n",
              "       [0.33182272, 0.33362947, 0.33454781],\n",
              "       [0.3318119 , 0.33342939, 0.3347587 ],\n",
              "       [0.33178398, 0.33371602, 0.3345    ],\n",
              "       [0.33175382, 0.333557  , 0.33468918],\n",
              "       [0.33181069, 0.33319247, 0.33499684],\n",
              "       [0.33178054, 0.33321245, 0.33500701],\n",
              "       [0.33168477, 0.33363558, 0.33467965],\n",
              "       [0.33167291, 0.3337631 , 0.33456399],\n",
              "       [0.33163912, 0.33358342, 0.33477746],\n",
              "       [0.33167404, 0.33326057, 0.3350654 ],\n",
              "       [0.3316734 , 0.33319803, 0.33512857],\n",
              "       [0.33172264, 0.3330371 , 0.33524027],\n",
              "       [0.33182061, 0.33283851, 0.33534088],\n",
              "       [0.33162858, 0.33314069, 0.33523073],\n",
              "       [0.33173139, 0.33290111, 0.3353675 ],\n",
              "       [0.33182881, 0.33273105, 0.33544014],\n",
              "       [0.33177258, 0.33277233, 0.33545509],\n",
              "       [0.33147606, 0.33332466, 0.33519928],\n",
              "       [0.33175405, 0.33273286, 0.33551309],\n",
              "       [0.3320081 , 0.3324341 , 0.3355578 ],\n",
              "       [0.33146911, 0.33314399, 0.3353869 ],\n",
              "       [0.33210438, 0.33230658, 0.33558904],\n",
              "       [0.33192096, 0.33243912, 0.33563992],\n",
              "       [0.33177206, 0.3325635 , 0.33566444],\n",
              "       [0.33168683, 0.33263276, 0.33568041],\n",
              "       [0.33185037, 0.33242975, 0.33571988],\n",
              "       [0.33154056, 0.3327613 , 0.33569813],\n",
              "       [0.33238482, 0.33199502, 0.33562017],\n",
              "       [0.33200672, 0.33222272, 0.33577056],\n",
              "       [0.33203048, 0.33218195, 0.33578757],\n",
              "       [0.3323371 , 0.3319613 , 0.3357016 ],\n",
              "       [0.33223087, 0.33200318, 0.33576595],\n",
              "       [0.33262075, 0.33178298, 0.33559627],\n",
              "       [0.33261818, 0.33176515, 0.33561668]])"
            ]
          },
          "metadata": {
            "tags": []
          },
          "execution_count": 23
        }
      ]
    },
    {
      "metadata": {
        "id": "JJseJko__Ej5",
        "colab_type": "code",
        "colab": {
          "base_uri": "https://localhost:8080/",
          "height": 255
        },
        "outputId": "37c7f11c-6bc3-47a8-d501-64feb838c464"
      },
      "cell_type": "code",
      "source": [
        "y"
      ],
      "execution_count": 8,
      "outputs": [
        {
          "output_type": "execute_result",
          "data": {
            "text/plain": [
              "array([0, 0, 0, 0, 0, 0, 0, 0, 0, 0, 0, 0, 0, 0, 0, 0, 0, 0, 0, 0, 0, 0,\n",
              "       0, 0, 0, 0, 0, 0, 0, 0, 0, 0, 0, 0, 0, 0, 0, 0, 0, 0, 0, 0, 0, 0,\n",
              "       0, 0, 0, 0, 0, 0, 0, 0, 0, 0, 0, 0, 0, 0, 0, 0, 0, 0, 0, 0, 0, 0,\n",
              "       0, 0, 0, 0, 0, 0, 0, 0, 0, 0, 0, 0, 0, 0, 0, 0, 0, 0, 0, 0, 0, 0,\n",
              "       0, 0, 0, 0, 0, 0, 0, 0, 0, 0, 0, 0, 1, 1, 1, 1, 1, 1, 1, 1, 1, 1,\n",
              "       1, 1, 1, 1, 1, 1, 1, 1, 1, 1, 1, 1, 1, 1, 1, 1, 1, 1, 1, 1, 1, 1,\n",
              "       1, 1, 1, 1, 1, 1, 1, 1, 1, 1, 1, 1, 1, 1, 1, 1, 1, 1, 1, 1, 1, 1,\n",
              "       1, 1, 1, 1, 1, 1, 1, 1, 1, 1, 1, 1, 1, 1, 1, 1, 1, 1, 1, 1, 1, 1,\n",
              "       1, 1, 1, 1, 1, 1, 1, 1, 1, 1, 1, 1, 1, 1, 1, 1, 1, 1, 1, 1, 1, 1,\n",
              "       1, 1, 2, 2, 2, 2, 2, 2, 2, 2, 2, 2, 2, 2, 2, 2, 2, 2, 2, 2, 2, 2,\n",
              "       2, 2, 2, 2, 2, 2, 2, 2, 2, 2, 2, 2, 2, 2, 2, 2, 2, 2, 2, 2, 2, 2,\n",
              "       2, 2, 2, 2, 2, 2, 2, 2, 2, 2, 2, 2, 2, 2, 2, 2, 2, 2, 2, 2, 2, 2,\n",
              "       2, 2, 2, 2, 2, 2, 2, 2, 2, 2, 2, 2, 2, 2, 2, 2, 2, 2, 2, 2, 2, 2,\n",
              "       2, 2, 2, 2, 2, 2, 2, 2, 2, 2, 2, 2, 2, 2], dtype=uint8)"
            ]
          },
          "metadata": {
            "tags": []
          },
          "execution_count": 8
        }
      ]
    },
    {
      "metadata": {
        "id": "lUonT2ot_w3k",
        "colab_type": "code",
        "colab": {}
      },
      "cell_type": "code",
      "source": [
        "correct_logprobs = -np.log(probs[range(num_examples),y])"
      ],
      "execution_count": 0,
      "outputs": []
    },
    {
      "metadata": {
        "id": "cm7wXp8ZLz4_",
        "colab_type": "code",
        "colab": {
          "base_uri": "https://localhost:8080/",
          "height": 1037
        },
        "outputId": "62e4f350-ef2d-4075-fa9e-d235fff0cec9"
      },
      "cell_type": "code",
      "source": [
        "probs[range(300),y]"
      ],
      "execution_count": 17,
      "outputs": [
        {
          "output_type": "execute_result",
          "data": {
            "text/plain": [
              "array([0.33333333, 0.33332965, 0.33333637, 0.33332865, 0.33337982,\n",
              "       0.33339025, 0.33333765, 0.33339821, 0.33346632, 0.33334297,\n",
              "       0.33346375, 0.33351935, 0.33351532, 0.33348167, 0.33357637,\n",
              "       0.3334954 , 0.33366003, 0.33355369, 0.33365919, 0.33366035,\n",
              "       0.33375389, 0.3336552 , 0.33364247, 0.33381927, 0.33368591,\n",
              "       0.33381748, 0.33385364, 0.33387051, 0.33386039, 0.33390142,\n",
              "       0.33396927, 0.33403933, 0.33406604, 0.33408176, 0.33409553,\n",
              "       0.33412598, 0.33413283, 0.33417028, 0.33420324, 0.33414298,\n",
              "       0.33424392, 0.33424531, 0.33424711, 0.33423155, 0.33431305,\n",
              "       0.33428657, 0.33432273, 0.33438859, 0.33427281, 0.33427318,\n",
              "       0.33425451, 0.33450331, 0.33414668, 0.33417317, 0.33420564,\n",
              "       0.33426607, 0.33403026, 0.33391334, 0.33406933, 0.33402531,\n",
              "       0.33405506, 0.33421876, 0.33416664, 0.33425616, 0.33324912,\n",
              "       0.33358314, 0.33381846, 0.33326583, 0.33361733, 0.33374454,\n",
              "       0.33434299, 0.33348195, 0.33365327, 0.33322446, 0.33251871,\n",
              "       0.33398354, 0.33336333, 0.33347536, 0.33327444, 0.33319482,\n",
              "       0.33304217, 0.33310496, 0.3332534 , 0.3325842 , 0.33260223,\n",
              "       0.33241878, 0.33280178, 0.33182989, 0.33176238, 0.33274145,\n",
              "       0.3322515 , 0.33254912, 0.3320815 , 0.33188343, 0.33173322,\n",
              "       0.33183217, 0.33158172, 0.33131443, 0.33163262, 0.33189942,\n",
              "       0.33333333, 0.33334448, 0.33335538, 0.33335309, 0.33338661,\n",
              "       0.3333976 , 0.33339003, 0.33339378, 0.33336785, 0.33338111,\n",
              "       0.33345026, 0.33345239, 0.33339762, 0.33336208, 0.33344385,\n",
              "       0.33335501, 0.333328  , 0.3334664 , 0.3333175 , 0.33328178,\n",
              "       0.33328689, 0.33328815, 0.33317156, 0.33336287, 0.33317648,\n",
              "       0.33320064, 0.33329412, 0.3332715 , 0.33320496, 0.33309916,\n",
              "       0.33308278, 0.33312665, 0.33321068, 0.33311461, 0.33292566,\n",
              "       0.33292173, 0.33297576, 0.33301406, 0.33292379, 0.33283571,\n",
              "       0.3328533 , 0.33275807, 0.33277052, 0.33265834, 0.3326541 ,\n",
              "       0.33266959, 0.33264389, 0.33253058, 0.33259838, 0.33254393,\n",
              "       0.33247617, 0.33244799, 0.33258977, 0.33238854, 0.33234335,\n",
              "       0.33232659, 0.33230579, 0.3323022 , 0.33227524, 0.33225076,\n",
              "       0.33223269, 0.33223432, 0.33220639, 0.33218209, 0.33216078,\n",
              "       0.33214215, 0.33213065, 0.33226954, 0.33214184, 0.33226906,\n",
              "       0.33213356, 0.33235568, 0.33255371, 0.33258371, 0.33222053,\n",
              "       0.33222104, 0.33247885, 0.33253141, 0.33220196, 0.33272996,\n",
              "       0.33232953, 0.33283707, 0.33297966, 0.33238478, 0.33233794,\n",
              "       0.33238537, 0.33237528, 0.33256734, 0.33242483, 0.33219497,\n",
              "       0.33277101, 0.33346082, 0.33299777, 0.33346012, 0.33344965,\n",
              "       0.33400549, 0.33305476, 0.3337154 , 0.33319617, 0.33389404,\n",
              "       0.33333333, 0.33330758, 0.33329733, 0.3332604 , 0.33324781,\n",
              "       0.33320972, 0.33318091, 0.33315171, 0.33312876, 0.3330977 ,\n",
              "       0.33307397, 0.33304751, 0.33302269, 0.33299492, 0.33297162,\n",
              "       0.33295342, 0.33291542, 0.33293301, 0.33293797, 0.33284012,\n",
              "       0.33284557, 0.33283229, 0.33280919, 0.33278686, 0.33275843,\n",
              "       0.33281908, 0.33280746, 0.33291083, 0.33276414, 0.33281251,\n",
              "       0.33281668, 0.3327558 , 0.33270848, 0.33270106, 0.33295533,\n",
              "       0.33271842, 0.33269261, 0.33250062, 0.33281346, 0.33313388,\n",
              "       0.33312292, 0.33297971, 0.332722  , 0.33338366, 0.33290857,\n",
              "       0.33311117, 0.33289569, 0.33327687, 0.3333879 , 0.33318581,\n",
              "       0.33303344, 0.3334922 , 0.3335184 , 0.33333026, 0.33316064,\n",
              "       0.33325041, 0.33358346, 0.33364583, 0.33328829, 0.33401368,\n",
              "       0.33433145, 0.33445362, 0.33433127, 0.33444633, 0.33428008,\n",
              "       0.3344551 , 0.33454781, 0.3347587 , 0.3345    , 0.33468918,\n",
              "       0.33499684, 0.33500701, 0.33467965, 0.33456399, 0.33477746,\n",
              "       0.3350654 , 0.33512857, 0.33524027, 0.33534088, 0.33523073,\n",
              "       0.3353675 , 0.33544014, 0.33545509, 0.33519928, 0.33551309,\n",
              "       0.3355578 , 0.3353869 , 0.33558904, 0.33563992, 0.33566444,\n",
              "       0.33568041, 0.33571988, 0.33569813, 0.33562017, 0.33577056,\n",
              "       0.33578757, 0.3357016 , 0.33576595, 0.33559627, 0.33561668])"
            ]
          },
          "metadata": {
            "tags": []
          },
          "execution_count": 17
        }
      ]
    },
    {
      "metadata": {
        "id": "o_1HibsFOUbE",
        "colab_type": "code",
        "colab": {
          "base_uri": "https://localhost:8080/",
          "height": 34
        },
        "outputId": "d2214761-6193-4d03-bdbe-6b34b4aff5bd"
      },
      "cell_type": "code",
      "source": [
        "x = np.array([[1, 2,3], [3, 4,8], [5, 6,9]])\n",
        "x[[0, 2, 2], [2, 1, 0]]\n",
        "probs[0,0],probs[1,0],probs[2,0]"
      ],
      "execution_count": 21,
      "outputs": [
        {
          "output_type": "execute_result",
          "data": {
            "text/plain": [
              "(0.3333333333333333, 0.3333296464656622, 0.3333363673012898)"
            ]
          },
          "metadata": {
            "tags": []
          },
          "execution_count": 21
        }
      ]
    },
    {
      "metadata": {
        "id": "eeT8KsKg_y6T",
        "colab_type": "code",
        "colab": {
          "base_uri": "https://localhost:8080/",
          "height": 1037
        },
        "outputId": "39c64176-163f-4d0b-f75e-1c3a6cca4531"
      },
      "cell_type": "code",
      "source": [
        "probs[range(300),y]"
      ],
      "execution_count": 22,
      "outputs": [
        {
          "output_type": "execute_result",
          "data": {
            "text/plain": [
              "array([0.33333333, 0.33332965, 0.33333637, 0.33332865, 0.33337982,\n",
              "       0.33339025, 0.33333765, 0.33339821, 0.33346632, 0.33334297,\n",
              "       0.33346375, 0.33351935, 0.33351532, 0.33348167, 0.33357637,\n",
              "       0.3334954 , 0.33366003, 0.33355369, 0.33365919, 0.33366035,\n",
              "       0.33375389, 0.3336552 , 0.33364247, 0.33381927, 0.33368591,\n",
              "       0.33381748, 0.33385364, 0.33387051, 0.33386039, 0.33390142,\n",
              "       0.33396927, 0.33403933, 0.33406604, 0.33408176, 0.33409553,\n",
              "       0.33412598, 0.33413283, 0.33417028, 0.33420324, 0.33414298,\n",
              "       0.33424392, 0.33424531, 0.33424711, 0.33423155, 0.33431305,\n",
              "       0.33428657, 0.33432273, 0.33438859, 0.33427281, 0.33427318,\n",
              "       0.33425451, 0.33450331, 0.33414668, 0.33417317, 0.33420564,\n",
              "       0.33426607, 0.33403026, 0.33391334, 0.33406933, 0.33402531,\n",
              "       0.33405506, 0.33421876, 0.33416664, 0.33425616, 0.33324912,\n",
              "       0.33358314, 0.33381846, 0.33326583, 0.33361733, 0.33374454,\n",
              "       0.33434299, 0.33348195, 0.33365327, 0.33322446, 0.33251871,\n",
              "       0.33398354, 0.33336333, 0.33347536, 0.33327444, 0.33319482,\n",
              "       0.33304217, 0.33310496, 0.3332534 , 0.3325842 , 0.33260223,\n",
              "       0.33241878, 0.33280178, 0.33182989, 0.33176238, 0.33274145,\n",
              "       0.3322515 , 0.33254912, 0.3320815 , 0.33188343, 0.33173322,\n",
              "       0.33183217, 0.33158172, 0.33131443, 0.33163262, 0.33189942,\n",
              "       0.33333333, 0.33334448, 0.33335538, 0.33335309, 0.33338661,\n",
              "       0.3333976 , 0.33339003, 0.33339378, 0.33336785, 0.33338111,\n",
              "       0.33345026, 0.33345239, 0.33339762, 0.33336208, 0.33344385,\n",
              "       0.33335501, 0.333328  , 0.3334664 , 0.3333175 , 0.33328178,\n",
              "       0.33328689, 0.33328815, 0.33317156, 0.33336287, 0.33317648,\n",
              "       0.33320064, 0.33329412, 0.3332715 , 0.33320496, 0.33309916,\n",
              "       0.33308278, 0.33312665, 0.33321068, 0.33311461, 0.33292566,\n",
              "       0.33292173, 0.33297576, 0.33301406, 0.33292379, 0.33283571,\n",
              "       0.3328533 , 0.33275807, 0.33277052, 0.33265834, 0.3326541 ,\n",
              "       0.33266959, 0.33264389, 0.33253058, 0.33259838, 0.33254393,\n",
              "       0.33247617, 0.33244799, 0.33258977, 0.33238854, 0.33234335,\n",
              "       0.33232659, 0.33230579, 0.3323022 , 0.33227524, 0.33225076,\n",
              "       0.33223269, 0.33223432, 0.33220639, 0.33218209, 0.33216078,\n",
              "       0.33214215, 0.33213065, 0.33226954, 0.33214184, 0.33226906,\n",
              "       0.33213356, 0.33235568, 0.33255371, 0.33258371, 0.33222053,\n",
              "       0.33222104, 0.33247885, 0.33253141, 0.33220196, 0.33272996,\n",
              "       0.33232953, 0.33283707, 0.33297966, 0.33238478, 0.33233794,\n",
              "       0.33238537, 0.33237528, 0.33256734, 0.33242483, 0.33219497,\n",
              "       0.33277101, 0.33346082, 0.33299777, 0.33346012, 0.33344965,\n",
              "       0.33400549, 0.33305476, 0.3337154 , 0.33319617, 0.33389404,\n",
              "       0.33333333, 0.33330758, 0.33329733, 0.3332604 , 0.33324781,\n",
              "       0.33320972, 0.33318091, 0.33315171, 0.33312876, 0.3330977 ,\n",
              "       0.33307397, 0.33304751, 0.33302269, 0.33299492, 0.33297162,\n",
              "       0.33295342, 0.33291542, 0.33293301, 0.33293797, 0.33284012,\n",
              "       0.33284557, 0.33283229, 0.33280919, 0.33278686, 0.33275843,\n",
              "       0.33281908, 0.33280746, 0.33291083, 0.33276414, 0.33281251,\n",
              "       0.33281668, 0.3327558 , 0.33270848, 0.33270106, 0.33295533,\n",
              "       0.33271842, 0.33269261, 0.33250062, 0.33281346, 0.33313388,\n",
              "       0.33312292, 0.33297971, 0.332722  , 0.33338366, 0.33290857,\n",
              "       0.33311117, 0.33289569, 0.33327687, 0.3333879 , 0.33318581,\n",
              "       0.33303344, 0.3334922 , 0.3335184 , 0.33333026, 0.33316064,\n",
              "       0.33325041, 0.33358346, 0.33364583, 0.33328829, 0.33401368,\n",
              "       0.33433145, 0.33445362, 0.33433127, 0.33444633, 0.33428008,\n",
              "       0.3344551 , 0.33454781, 0.3347587 , 0.3345    , 0.33468918,\n",
              "       0.33499684, 0.33500701, 0.33467965, 0.33456399, 0.33477746,\n",
              "       0.3350654 , 0.33512857, 0.33524027, 0.33534088, 0.33523073,\n",
              "       0.3353675 , 0.33544014, 0.33545509, 0.33519928, 0.33551309,\n",
              "       0.3355578 , 0.3353869 , 0.33558904, 0.33563992, 0.33566444,\n",
              "       0.33568041, 0.33571988, 0.33569813, 0.33562017, 0.33577056,\n",
              "       0.33578757, 0.3357016 , 0.33576595, 0.33559627, 0.33561668])"
            ]
          },
          "metadata": {
            "tags": []
          },
          "execution_count": 22
        }
      ]
    },
    {
      "metadata": {
        "id": "sY0Mg0UhYyTm",
        "colab_type": "code",
        "colab": {
          "base_uri": "https://localhost:8080/",
          "height": 1037
        },
        "outputId": "fbe7d5b4-c975-40f7-9ba8-6afba4c2373a"
      },
      "cell_type": "code",
      "source": [
        "correct_logprobs"
      ],
      "execution_count": 33,
      "outputs": [
        {
          "output_type": "execute_result",
          "data": {
            "text/plain": [
              "array([1.09861229, 1.09858152, 1.09854018, 1.09850528, 1.09848518,\n",
              "       1.09849185, 1.09841091, 1.098424  , 1.09836945, 1.09830211,\n",
              "       1.09826831, 1.09827429, 1.09826418, 1.09825938, 1.09828233,\n",
              "       1.09845098, 1.09825541, 1.09840755, 1.09827147, 1.09812936,\n",
              "       1.09830661, 1.09793977, 1.09821316, 1.09848195, 1.09822917,\n",
              "       1.09892684, 1.09848939, 1.09865251, 1.09847266, 1.09853737,\n",
              "       1.09842198, 1.09818383, 1.09856014, 1.09913662, 1.09857761,\n",
              "       1.09886776, 1.09875283, 1.09904444, 1.0991445 , 1.09874141,\n",
              "       1.09910501, 1.09927362, 1.09925825, 1.09902118, 1.09934396,\n",
              "       1.09958903, 1.09985065, 1.09979708, 1.09940649, 1.09957884,\n",
              "       1.0996549 , 1.10009278, 1.09975499, 1.10019419, 1.10026816,\n",
              "       1.09976879, 1.10046228, 1.10069909, 1.10018915, 1.10042141,\n",
              "       1.10063033, 1.10080337, 1.10086984, 1.100758  , 1.10084125,\n",
              "       1.10096995, 1.10085894, 1.10048817, 1.10110616, 1.10118008,\n",
              "       1.10119206, 1.1012494 , 1.10130364, 1.10118215, 1.10137077,\n",
              "       1.10098248, 1.10128811, 1.10144308, 1.10126489, 1.10119185,\n",
              "       1.10111651, 1.10135974, 1.10152755, 1.10122709, 1.10170238,\n",
              "       1.10151742, 1.10157342, 1.10172755, 1.10119116, 1.10047016,\n",
              "       1.10110678, 1.10014133, 1.10063993, 1.10138   , 1.10110636,\n",
              "       1.10136994, 1.10039837, 1.10029309, 1.09854528, 1.09964599,\n",
              "       1.09861229, 1.09857309, 1.09846811, 1.09850514, 1.09842426,\n",
              "       1.0987399 , 1.0984864 , 1.09847285, 1.09838744, 1.09829701,\n",
              "       1.09845027, 1.09863299, 1.09919043, 1.09923203, 1.09882248,\n",
